1458
1638
1176
969
225
291
279
645
957
1173
462
321
2163
1302
885
1116
918
1020
699
1722
822
612
567
669
1575
2148
303
1407
843
1311
1602
957
1185
954
963
660
897
438
1437
2349
1284
447
1263
408
1953
618
498
1041
939
1407
912
945
684
2283
1569
957
2145
855
969
336
1533
1020
1014
1431
429
2061
3567
303
1464
531
1491
786
1161
1242
285
282
1380
243
657
633
1212
1032
1050
963
792
1380
1119
948
819
1320
1293
1596
1194
465
1752
342
720
1872
1173
1266
1800
1359
1359
627
447
582
309
1956
798
666
1281
1002
825
1047
1179
735
672
1779
822
