435
1347
618
504
957
2160
5877
840
1326
927
819
5826
3717
1332
735
1011
1014
1701
1353
786
2190
441
600
675
1191
954
1047
1026
408
582
435
627
369
549
696
1446
501
1233
696
1461
1377
1503
1323
507
969
1218
1554
1158
1170
867
1344
1137
1449
1311
1110
1110
1491
531
3837
4542
1299
912
2445
2574
282
1011
717
1794
684
1278
1272
1152
516
933
1374
771
1620
978
903
792
978
966
1515
663
702
1461
618
654
2187
198
327
285
651
1110
711
702
1614
672
1347
846
1146
759
642
306
2136
816
831
1116
795
1071
1542
984
1731
1698
723
519
4185
678
255
1191
2364
474
1044
666
1410
1158
2229
1488
